% This file contains a brief summary of the land-surface average results 
% produced by the Berkeley Averaging method.  Temperatures are in 
% Celsius and reported as anomalies relative to the Jan 1951-Dec 1980
% average. Uncertainties represent the 95% confidence interval for 
% statistical and spatial undersampling effects.
% 
% The current dataset presented here is described as: 
% 
%   Estimated Global Land-Surface TAVG based on the Complete Berkeley Dataset
% 
% 
% This analysis was run on 04-Jan-2025 19:11:11
% 
% Results are based on 50660 time series 
%   with 21552210 data points
% 
% Estimated Jan 1951-Dec 1980 absolute temperature (C): 8.59 +/- 0.04
% 
% 
% 
% Year, Annual Anomaly, Annual Unc., Five-year Anomaly, Five-year Unc.
 
  1750      -0.816        1.078              NaN             NaN
  1751      -0.951        1.278              NaN             NaN
  1753      -0.384        1.130              NaN             NaN
  1754       0.081        1.662              NaN             NaN
  1755      -0.250        1.246           -0.071           0.870
  1756       0.002        0.890           -0.376           0.833
  1757       0.196        0.979           -0.574           0.747
  1758      -1.911        1.142           -0.885           0.832
  1759      -0.906        1.383           -0.927           0.933
  1760      -1.809        1.740           -1.034           0.989
  1761      -0.206        1.288           -0.943           1.118
  1762      -0.340        0.900           -0.933           1.050
  1763      -1.457        1.553           -0.743           0.743
  1764      -0.853        1.125           -0.881           0.652
  1765      -0.859        1.231           -1.017           0.643
  1766      -0.894        1.725           -1.200           0.875
  1767      -1.023        0.833           -1.322           0.961
  1768      -2.372        1.700           -1.427           0.972
  1769      -1.462        1.007           -1.543           0.934
  1770      -1.385        1.144           -1.535           1.120
  1771      -1.471        1.498           -1.205           1.082
  1772      -0.983        1.325           -1.019           0.963
  1773      -0.725        1.538           -0.829           1.096
  1774      -0.533        1.037           -0.834           1.026
  1775      -0.433        1.660           -0.934           0.986
  1776      -1.496        1.222           -1.053           0.855
  1777      -1.481        1.102           -1.117           0.965
  1778      -1.321        1.163           -1.038           0.855
  1779      -0.853        1.190           -0.861           0.667
  1780      -0.037        1.993           -0.731           0.510
  1781      -0.613        1.231           -0.663           0.592
  1782      -0.830        1.352           -0.654           0.705
  1783      -0.980        0.918           -0.864           0.812
  1784      -0.812        1.698           -0.887           1.110
  1785      -1.084        1.706           -0.839           1.079
  1786      -0.730        1.245           -0.727           1.087
  1787      -0.588        1.234           -0.626           0.936
  1788      -0.419        0.759           -0.526           0.717
  1789      -0.308        0.972           -0.433           0.622
  1790      -0.584        0.723           -0.400           0.522
  1791      -0.265        0.775           -0.368           0.627
  1792      -0.424        0.757           -0.290           0.592
  1793      -0.259        1.124           -0.138           0.607
  1794       0.082        1.022           -0.127           0.513
  1795       0.175        0.778           -0.042           0.621
  1796      -0.210        0.828            0.011           0.526
  1797       0.004        1.159           -0.108           0.440
  1798       0.004        0.641           -0.214           0.404
  1799      -0.512        0.739           -0.111           0.376
  1800      -0.354        0.484           -0.081           0.305
  1801       0.306        0.549           -0.086           0.331
  1802       0.151        0.679            0.023           0.403
  1803      -0.023        0.684            0.078           0.423
  1804       0.033        0.619           -0.011           0.422
  1805      -0.076        0.628           -0.130           0.434
  1806      -0.138        0.716           -0.333           0.559
  1807      -0.446        0.679           -0.640           0.690
  1808      -1.039        1.598           -0.945           0.776
  1809      -1.498        1.020           -1.239           0.791
  1810      -1.602        1.094           -1.445           0.802
  1811      -1.607        0.803           -1.416           0.644
  1812      -1.479        1.060           -1.316           0.656
  1813      -0.896        0.727           -1.278           0.548
  1814      -0.998        0.968           -1.307           0.452
  1815      -1.409        0.743           -1.307           0.434
  1816      -1.752        0.770           -1.216           0.508
  1817      -1.480        0.847           -1.264           0.507
  1818      -0.438        1.185           -1.172           0.462
  1819      -1.240        0.446           -0.959           0.436
  1820      -0.951        0.501           -0.787           0.378
  1821      -0.685        0.528           -0.880           0.264
  1822      -0.621        0.602           -0.685           0.324
  1823      -0.905        0.521           -0.588           0.360
  1824      -0.264        0.557           -0.514           0.339
  1825      -0.466        0.485           -0.377           0.312
  1826      -0.316        0.446           -0.309           0.284
  1827       0.064        0.519           -0.413           0.266
  1828      -0.563        0.470           -0.344           0.234
  1829      -0.783        0.504           -0.475           0.260
  1830      -0.122        0.640           -0.721           0.313
  1831      -0.969        0.712           -0.727           0.339
  1832      -1.166        0.525           -0.667           0.320
  1833      -0.595        0.482           -0.887           0.287
  1834      -0.483        0.481           -0.879           0.264
  1835      -1.221        0.398           -0.898           0.276
  1836      -0.928        0.490           -0.998           0.328
  1837      -1.261        0.568           -1.081           0.359
  1838      -1.097        0.536           -1.006           0.359
  1839      -0.896        0.624           -1.025           0.357
  1840      -0.848        0.391           -0.899           0.341
  1841      -1.020        0.485           -0.784           0.323
  1842      -0.631        0.466           -0.809           0.308
  1843      -0.523        0.402           -0.813           0.329
  1844      -1.021        0.463           -0.620           0.302
  1845      -0.867        0.460           -0.605           0.310
  1846      -0.059        0.445           -0.628           0.312
  1847      -0.553        0.504           -0.552           0.340
  1848      -0.638        0.543           -0.533           0.358
  1849      -0.642        0.511           -0.620           0.428
  1850      -0.774        0.438           -0.627           0.493
  1851      -0.490        0.711           -0.616           0.497
  1852      -0.593        0.679           -0.567           0.462
  1853      -0.583        0.529           -0.506           0.407
  1854      -0.396        0.319           -0.519           0.355
  1855      -0.469        0.277           -0.563           0.311
  1856      -0.552        0.441           -0.531           0.267
  1857      -0.814        0.452           -0.501           0.232
  1858      -0.423        0.312           -0.537           0.254
  1859      -0.246        0.225           -0.568           0.212
  1860      -0.650        0.334           -0.613           0.185
  1861      -0.704        0.263           -0.602           0.174
  1862      -1.040        0.334           -0.667           0.202
  1863      -0.372        0.334           -0.614           0.183
  1864      -0.571        0.338           -0.534           0.184
  1865      -0.382        0.314           -0.356           0.165
  1866      -0.305        0.381           -0.368           0.174
  1867      -0.151        0.278           -0.294           0.188
  1868      -0.433        0.283           -0.310           0.199
  1869      -0.197        0.277           -0.363           0.208
  1870      -0.467        0.307           -0.427           0.193
  1871      -0.566        0.296           -0.403           0.174
  1872      -0.474        0.249           -0.401           0.156
  1873      -0.313        0.221           -0.450           0.141
  1874      -0.186        0.206           -0.433           0.116
  1875      -0.709        0.218           -0.356           0.110
  1876      -0.485        0.185           -0.235           0.125
  1877      -0.085        0.184           -0.281           0.119
  1878       0.292        0.204           -0.247           0.112
  1879      -0.417        0.174           -0.209           0.110
  1880      -0.539        0.223           -0.284           0.104
  1881      -0.298        0.164           -0.456           0.110
  1882      -0.459        0.182           -0.526           0.112
  1883      -0.567        0.167           -0.543           0.106
  1884      -0.769        0.142           -0.607           0.114
  1885      -0.621        0.193           -0.646           0.105
  1886      -0.617        0.158           -0.621           0.102
  1887      -0.658        0.141           -0.518           0.100
  1888      -0.439        0.141           -0.519           0.082
  1889      -0.254        0.140           -0.509           0.074
  1890      -0.626        0.121           -0.484           0.075
  1891      -0.568        0.111           -0.503           0.079
  1892      -0.535        0.123           -0.532           0.072
  1893      -0.530        0.118           -0.491           0.077
  1894      -0.402        0.117           -0.451           0.082
  1895      -0.422        0.149           -0.403           0.084
  1896      -0.367        0.126           -0.379           0.099
  1897      -0.292        0.145           -0.332           0.109
  1898      -0.411        0.173           -0.260           0.119
  1899      -0.168        0.159           -0.197           0.117
  1900      -0.058        0.172           -0.201           0.118
  1901      -0.056        0.107           -0.196           0.112
  1902      -0.309        0.124           -0.266           0.101
  1903      -0.386        0.148           -0.327           0.100
  1904      -0.520        0.122           -0.359           0.104
  1905      -0.364        0.163           -0.422           0.107
  1906      -0.214        0.115           -0.426           0.102
  1907      -0.625        0.122           -0.405           0.101
  1908      -0.407        0.129           -0.406           0.095
  1909      -0.416        0.129           -0.449           0.096
  1910      -0.370        0.128           -0.410           0.097
  1911      -0.425        0.109           -0.389           0.092
  1912      -0.433        0.121           -0.304           0.086
  1913      -0.301        0.113           -0.235           0.083
  1914       0.010        0.102           -0.225           0.091
  1915      -0.025        0.121           -0.257           0.093
  1916      -0.375        0.132           -0.292           0.090
  1917      -0.593        0.136           -0.340           0.088
  1918      -0.476        0.119           -0.387           0.087
  1919      -0.229        0.108           -0.323           0.082
  1920      -0.263        0.110           -0.249           0.074
  1921      -0.054        0.110           -0.195           0.073
  1922      -0.221        0.104           -0.177           0.081
  1923      -0.206        0.119           -0.148           0.083
  1924      -0.142        0.123           -0.124           0.083
  1925      -0.116        0.107           -0.111           0.079
  1926       0.064        0.099           -0.080           0.073
  1927      -0.156        0.101           -0.144           0.067
  1928      -0.050        0.098           -0.136           0.073
  1929      -0.462        0.098           -0.145           0.079
  1930      -0.078        0.126           -0.113           0.080
  1931       0.020        0.108           -0.174           0.078
  1932       0.005        0.104           -0.096           0.081
  1933      -0.354        0.094           -0.119           0.074
  1934      -0.074        0.102           -0.154           0.070
  1935      -0.194        0.097           -0.157           0.074
  1936      -0.155        0.092           -0.052           0.075
  1937      -0.009        0.121           -0.021           0.071
  1938       0.173        0.106            0.032           0.071
  1939       0.081        0.094            0.076           0.070
  1940       0.073        0.093            0.084           0.063
  1941       0.063        0.087            0.063           0.058
  1942       0.032        0.089            0.078           0.055
  1943       0.065        0.085            0.041           0.053
  1944       0.158        0.085            0.026           0.053
  1945      -0.113        0.082            0.041           0.052
  1946      -0.013        0.089            0.038           0.051
  1947       0.106        0.084           -0.015           0.051
  1948       0.050        0.078           -0.056           0.051
  1949      -0.109        0.077           -0.063           0.046
  1950      -0.314        0.072           -0.090           0.044
  1951      -0.050        0.060           -0.060           0.044
  1952      -0.029        0.077           -0.061           0.043
  1953       0.200        0.079           -0.007           0.042
  1954      -0.112        0.070           -0.076           0.039
  1955      -0.046        0.056           -0.072           0.036
  1956      -0.394        0.044           -0.095           0.027
  1957      -0.008        0.055           -0.057           0.024
  1958       0.083        0.023           -0.067           0.020
  1959       0.083        0.026            0.035           0.017
  1960      -0.098        0.021            0.050           0.013
  1961       0.117        0.029            0.070           0.018
  1962       0.063        0.026           -0.001           0.018
  1963       0.184        0.053           -0.010           0.018
  1964      -0.272        0.036           -0.044           0.017
  1965      -0.140        0.030           -0.048           0.014
  1966      -0.055        0.027           -0.115           0.015
  1967       0.045        0.016           -0.075           0.012
  1968      -0.153        0.027           -0.035           0.012
  1969      -0.070        0.022           -0.033           0.012
  1970       0.057        0.025           -0.073           0.015
  1971      -0.044        0.023            0.022           0.010
  1972      -0.153        0.024            0.002           0.011
  1973       0.321        0.015            0.014           0.013
  1974      -0.172        0.047           -0.031           0.015
  1975       0.117        0.039            0.050           0.018
  1976      -0.267        0.042            0.003           0.018
  1977       0.252        0.035            0.057           0.018
  1978       0.085        0.015            0.105           0.016
  1979       0.097        0.039            0.267           0.013
  1980       0.359        0.041            0.224           0.009
  1981       0.539        0.025            0.290           0.015
  1982       0.037        0.023            0.286           0.020
  1983       0.420        0.040            0.225           0.025
  1984       0.076        0.028            0.167           0.025
  1985       0.052        0.028            0.241           0.021
  1986       0.250        0.028            0.278           0.020
  1987       0.409        0.033            0.328           0.015
  1988       0.602        0.021            0.445           0.017
  1989       0.329        0.036            0.516           0.017
  1990       0.637        0.027            0.480           0.018
  1991       0.601        0.026            0.416           0.018
  1992       0.233        0.030            0.441           0.016
  1993       0.280        0.029            0.465           0.014
  1994       0.454        0.012            0.433           0.012
  1995       0.756        0.016            0.504           0.013
  1996       0.441        0.014            0.634           0.009
  1997       0.592        0.022            0.680           0.011
  1998       0.930        0.017            0.648           0.010
  1999       0.681        0.018            0.721           0.008
  2000       0.596        0.010            0.797           0.010
  2001       0.804        0.019            0.795           0.013
  2002       0.974        0.029            0.804           0.016
  2003       0.921        0.022            0.906           0.019
  2004       0.726        0.029            0.931           0.019
  2005       1.104        0.015            0.963           0.018
  2006       0.931        0.021            0.948           0.022
  2007       1.135        0.029            0.990           0.032
  2008       0.844        0.055            0.991           0.039
  2009       0.934        0.069            0.992           0.046
  2010       1.111        0.047            0.943           0.048
  2011       0.934        0.049            0.976           0.046
  2012       0.893        0.037            0.985           0.041
  2013       1.009        0.049            1.011           0.039
  2014       0.980        0.042            1.111           0.034
  2015       1.241        0.034            1.194           0.034
  2016       1.434        0.033            1.221           0.032
  2017       1.307        0.030            1.294           0.033
  2018       1.145        0.041            1.346           0.036
  2019       1.343        0.047            1.307           0.037
  2020       1.500        0.043            1.293           0.040
  2021       1.242        0.038            1.391           0.038
  2022       1.236        0.043            1.488           0.037
  2023       1.635        0.035              NaN             NaN
  2024       1.830        0.043              NaN             NaN
